22
190
128
193
70
54
15
214
133
142
126
178
176
11
225
177
36
155
218
145
240
45
240
111
84
30
57
116
251
41
155
17
231
28
211
45
82
226
3
216
112
130
138
32
141
107
209
177
6
172
66
246
217
50
101
45
80
158
161
75
199
61
93
174
89
48
220
171
18
223
131
130
97
13
162
238
120
116
159
127
32
225
117
249
19
219
38
100
121
200
175
65
5
12
239
94
60
203
9
78
171
141
208
12
154
115
251
19
231
154
146
7
124
7
0
143
226
38
243
92
238
163
157
243
175
140
81
236
88
91
58
3
232
11
15
130
126
10
149
101
165
39
108
33
47
108
176
17
146
164
109
129
71
10
116
246
151
198
226
239
33
29
242
9
40
1
139
166
12
33
11
177
72
119
210
119
227
130
137
117
38
246
246
109
1
107
100
152
49
70
135
82
99
121
91
139
122
230
49
134
7
60
55
80
179
9
199
150
140
80
12
178
71
2
32
72
109
132
224
158
202
103
240
46
224
75
185
90
50
235
225
57
39
24
137
219
34
81
113
174
161
125
96
232
128
128
48
237
4
16
140
207
119
124
253
87
200
182
178
250
161
147
51
201
171
189
164
205
14
21
123
175
147
220
152
19
92
200
0
97
217
140
48
80
9
45
168
209
227
90
203
133
237
254
78
152
187
242
102
201
7
225
121
154
189
17
173
26
217
174
123
178
58
171
3
67
216
171
20
187
5
223
64
242
222
142
138
153
128
240
99
136
210
220
34
143
237
208
169
198
126
36
121
184
207
124
252
167
39
16
99
44
240
163
30
206
50
168
103
178
153
202
58
107
166
93
250
147
45
164
90
171
200
211
99
152
79
95
63
118
112
162
162
96
70
192
46
120
104
149
42
1
96
101
108
6
194
103
154
239
11
244
154
211
199
253
107
22
93
171
140
205
77
46
45
147
238
91
11
86
240
54
88
80
155
196
87
93
43
241
76
54
229
230
10
172
227
117
194
64
32
78
13
110
124
58
1
106
149
13
192
134
67
24
214
222
221
45
59
8
30
135
63
3
109
73
175
80
190
113
145
223
191
158
77
59
217
78
165
110
91
102
244
158
126
203
124
91
248
183
100
23
62
163
26
171
236
202
252
170
59
141
137
251
43
214
54
4
37
220
115
128
66
103
31
192
50
155
28
43
83
128
66
145
35
92
61
15
38
57
185
98
198
67
93
241
25
147
246
62
111
105
191
177
208
222
114
3
121
142
46
204
14
112
94
49
204
155
64
243
212
249
85
154
60
178
139
86
69
129
148
181
234
83
102
187
49
216
190
171
102
236
119
116
92
213
165
40
112
229
27
68
223
112
222
27
34
106
113
104
235
6
29
214
89
131
145
139
92
79
54
194
59
173
55
151
131
220
191
243
194
219
56
161
75
22
188
110
128
46
214
108
52
243
66
141
118
211
24
210
34
78
149
93
252
204
244
127
168
179
114
106
142
170
11
218
193
200
72
65
246
30
173
42
17
239
183
135
194
208
90
228
30
239
65
26
187
53
153
99
233
12
206
119
182
217
81
119
161
153
185
151
183
102
193
200
86
121
80
24
73
170
253
103
153
62
130
84
116
27
183
93
39
133
212
222
95
38
85
0
191
14
152
119
117
89
63
203
210
143
227
27
57
224
131
210
31
5
38
147
32
222
240
72
99
196
38
194
234
123
195
170
138
91
33
255
180
96
202
135
240
173
162
41
142
37
252
173
42
34
64
75
0
48
147
100
244
185
38
223
52
233
137
190
68
170
189
249
10
135
128
250
53
34
36
195
72
32
112
114
66
176
189
67
224
80
167
212
9
205
179
62
183
60
252
251
230
186
244
241
65
116
235
118
151
15
57
223
47
169
81
114
89
15
181
57
95
92
14
105
41
193
167
224
254
163
220
228
93
208
213
159
69
193
21
220
208
79
187
0
248
12
114
82
27
39
139
123
131
153
228
172
91
139
141
89
46
105
61
140
57
19
43
126
212
64
90
164
143
21
164
136
34
22
218
61
61
101
184
192
255
156
109
90
39
250
179
86
99
240
226
156
3
13
27
215
77
117
124
221
139
32
101
173
55
63
234
116
164
163
53
163
63
162
253
103
156
176
189
255
161
159
155
164
172
182
124
249
44
248
214
183
24
59
100
79
122
78
196
31
241
249
194
49
155
192
152
55
112
85
54
17
244
209
182
160
136
50
153
180
42
112
107
66
171
207
146
38
29
86
69
15
79
7
64
234
199
216
33
56
45
87
73
33
40
255
193
176
49
90
100
91
202
207
158
118
158
48
156
188
134
225
203
213