57
12
140
125
114
71
52
44
216
16
15
47
111
119
13
101
214
112
229
142
3
81
216
174
142
79
110
172
52
47
194
49
183
176
135
22
235
63
193
40
150
185
98
35
23
116
148
40
119
51
194
142
232
186
83
189
181
107
136
36
87
125
83
236
194
138
112
166
28
117
16
161
205
137
33
108
161
108
255
202
234
73
135
71
126
134
219
204
185
112
70
252
46
24
56
78
81
216
32
197
195
239
128
5
58
136
174
57
150
222
80
232
1
134
91
54
152
101
78
191
82
0
165
250
9
57
185
157
122
29
123
40
43
248
35
64
65
243
84
135
216
108
102
159
204
191
224
231
61
126
115
32
173
10
117
112
3
36
30
117
34
16
169
36
121
142
248
109
67
242
124
242
208
97
48
49
220
181
216
210
239
27
50
31
206
173
55
127
98
97
229
71
216
93
142
236
127
38
226
50
25
7
47
121
85
208
248
246
109
205
30
84
194
1
199
135
232
146
216
249
79
97
151
111
29
31
160
29
25
244
80
29
41
95
35
34
120
206
61
126
20
41
214
161
133
104
160
122
135
202
67
153
234
161
37
4
234
51
37
109
135
67
178
35
125
189
145
80
224
154
4
153
53
68
135
59
54
79
139
144
107
175
104
135
250
128
26
47
216
141
22
1
170
66
134
82
226
218
4
57
38
76
18
189
75
220
65
21
157
186
20
183
107
127
52
181
208
79
121
83
90
211
12
91
170
210
127
136
81
55
195
19
240
113
102
235
179
156
116
114
12
98
204
168
142
35
142
179
204
169
14
59
133
91
135
19
55
222
176
160
223
59
197
97
130
22
223
0
100
186
220
35
169
160
63
153
158
209
167
206
151
65
98
215
194
89
154
207
0
155
146
107
220
164
238
226
226
109
242
86
43
145
171
47
120
158
115
101
75
12
23
125
243
37
233
212
99
196
253
204
124
75
2
54
217
112
90
237
25
127
62
233
68
237
162
226
218
228
81
243
230
132
126
141
248
122
140
225
39
146
120
139
171
163
41
70
77
118
196
78
109
32
212
208
169
238
212
31
105
215
199
10
194
244
3
180
152
199
214
112
249
112
139
223
248
14
199
172
207
84
239
65
13
201
13
42
219
69
236
93
25
133
194
167
108
232
167
172
194
142
215
129
41
240
9
26
179
114
35
20
15
126
102
10
78
122
64
242
58
111
238
131
188
85
58
83
159
55
13
159
192
203
101
38
124
52
154
61
21
177
219
189
35
174
6
215
250
54
221
185
235
78
222
90
138
247
238
223
137
165
125
44
142
230
124
237
194
172
14
253
166
93
249
108
181
132
174
143
141
5
97
43
123
208
250
123
243
251
229
8
47
150
113
207
124
156
188
242
176
217
169
180
232
138
156
128
118
61
98
161
61
94
98
110
247
141
144
51
99
151
116
184
91
154
7
64
140
23
27
149
64
251
52
6
145
240
245
225
174
94
26
129
244
58
33
205
251
37
27
77
76
155
43
127
60
213
115
194
230
226
152
219
156
30
50
106
108
135
41
80
122
88
38
80
1
209
230
240
149
16
118
147
144
232
36
119
135
101
217
58
115
76
136
72
36
30
84
157
147
224
63
239
155
206
139
252
224
41
20
221
165
128
13
46
117
10
137
20
89
240
226
142
92
223
251
46
240
178
209
170
164
53
82
168
210
253
147
205
18
232
45
161
129
165
59
206
0
236
211
27
96
185
255
226
26
104
136
67
147
224
248
62
14
122
81
159
7
208
47
115
58
236
60
78
255
149
139
212
247
241
124
233
74
196
97
69
35
141
212
174
136
1
144
152
250
76
228
247
176
170
193
233
164
96
122
196
119
210
22
162
242
195
197
77
253
18
64
169
51
225
51
233
7
73
209
79
38
240
135
173
203
41
168
194
162
249
18
35
120
147
116
46
222
50
51
227
85
153
14
23
166
28
150
183
191
220
74
125
210
92
87
89
40
195
123
254
73
118
236
130
235
130
4
238
147
80
37
226
176
153
217
128
233
154
101
196
247
54
121
195
183
151
151
11
202
140
4
25
254
146
117
180
112
97
128
70
49
20
158
225
17
186
67
46
151
167
212
89
102
67
187
139
84
131
246
151
173
58
239
38
72
115
203
187
46
202
7
135
63
232
188
134
195
190
55
119
241
12
167
113
32
237
154
209
59
71
23
19
155
252
59
49
120
69
198
232
189
214
79
212
50
250
208
143
16
189
111
227
227
120
185
50
188
183
31
203
141
97
62
232
46
108
10
25
170
124
64
105
35
106
110
119
168
75
1
141
74
66
128
89
56
13
67
7
183
121
165
8
89
135
26
64
215
58
32
243
229
185
55
231
113
22
154
234
15
31
245
205
218
55
251
227
37
41
164
75
33
64
140
166
195
150
232
220
50
58
110
220
231
116
211
173
232
204
212
48
160
218
160
130
191
78
242
34
46
43
47
221
49
190
66
30
168
62
210
181
216
26
147
159
180
53
108
79
246
114
55
179
188
58
142
115
219
13
136
14
92
139
158
173
179
3
92
73
205
35
72
15
46
110
192
214
232
174
80
189
159
166
43
26
79
80
25
41
139
226
217
248
226
212
139
110
58
176
220
56
145
249
157
23
112
202
28
3
104
154
108
70
130
148
167
61
3
254
220
89
66
194
117
181
36
203
21
223
9
235
39
160
219
207
213
148
58
207
10
166
87
235
185
45
223
54
124
223
205
40
202
158
173
113
170
86
39
58
99
178
179
75
120
52
74
131
101
88
78
38
90
252
237
229
165
161
77
225
34
240
226
155
140
28
180
37
158
236
231
19
29
188
146
39
46
196
236
21
230
96
164
243
77
31
230
52
175
43
88
20
126
224
224
81
186
190
144
198
209
173
26
171
33
168
48
197
145
129
76
170
41
72
179
158
200
66
43
158
192
168
65
47
216
185
9
185
158
92
109
174
248
98
115
70
79
39
151
51
19
172
67
192
78
83
92
84
224
22
210
186
121
227
145
229
119
122
158
240
99
188
225
236
144
195
214
82
102
70
128
26
246
190
52
63
145
42
82
139
230
75
223
46
113
230
178
13
212
27
202
191
120
197
41
191
114
14
163
50
171
74
70
19
146
241
71
240
229
2
40
9
131
110
76
216
56
147
121
154
62
24
122
214
234
32
56
255
8
123
73
149
219
0
180
123
213
95
43
184
34
10
199
240
22
198
191
129
8
182
34
176
123
53
170
68
22
180
173
89
237
245
93
69
32
234
18
150
103
22
102
21
161
158
203
242
129
18
97
146
182
24
169
139
63
188
223
204
225
197
173
95
254
254
188
136
42
217
40
220
92
150
164
52
40
167
151
156
228
218
85
227
179
228
21
180
222
140
29
38
207
186
81
15
73
224
17
64
34
120
187
185
196
16
78
230
189
190
227
39
70
187
203
160
142
127
58
13
95
255
198
60
134
133
228
109
146
251
102
62
69
37
231
88
227
44
163
177
33
148
153
80
89
185
114
62
102
71
121
252
13
184
188
239
66
44
33
158
203
245
210
209
37
64
162
37
230
238
176
65
93
66
221
28
63
78
155
84
82
165
115
177
145
40
128
100
140
64
155
47
86
78
87
172
21
14
41
23
135
107
213
15
254
148
154
247
125
207
152
232
37
30
80
225
212
247
237
104
174
73
160
163
176
204
66
189
54
163
123
238
62
136
230
126
72
49
25
148
196
214
127
81
167
160
97
81
255
239
255
157
254
11
46
201
234
123
110
180
24
25
144
253
240
146
4
55
220
68
135
187
206
187
23
205
26
99
185
147
37
197
230
143
60
65
49
201
191
173
187
73
101
205
20
23
19
70
170
242
233
76
71
167
163
83
201
153
172
250
153
243
8
188
169
56
213
157
13
242
135
116
26
245
87
194
75
124
16
56
97
9
225
160
214
77
211
104
210
241
31
70
106
166
244
192
160
88
235
175
181
135
247
98
126
142
152
115
152
147
106
250
162
245
178
140
147
62
194
202
176
74
148
21
147
40
177
226
131
245
109
103
138
139
70
55
122
124
25
115
119
26
51
211
169
241
51
70
2
80
208
243
244
102
147
164
146
30
45
118
19
89
213
90
18
203
253
95
148
19
4
152
54
171
145
232
252
68
239
139
98
57
169
83
234
131
95
7
172
151
98
89
207
218
167
44
205
48
94
71
244
165
127
3
133
196
120
228
136
168
154
5
133
184
120
31
60
238
157
81
207
159
60
151
188
113
112
68
244
78
232
191
212
241
111
126
41
228
185
39
57
31
103
76
84
167
226
59
105
250
46
228
28
232
67
212
233
29
236
157
11
202
130
1
111
37
23
216
176
32
30
35
241
16
146
209
92
69
215
191
195
229
193
192
41
68
178
60
91
201
65
114
1
11
152
237
217
194
117
126
235
177
79
141
96
57
16
214
8
123
105
34
51
17
228
24
125
22
205
224
119
111
28
71
148
119
163
164
121
154
73
113
211
153
140
31
89
218
253
24
176
195
163
213
209
76
153
192
94
242
123
115
153
73
237
29
211
213
68
198
124
130
104
169
40
230
189
47
97
26
137
193
20
37
96
111
245
106
170
155
7
108
97
60
245
124
104
203
122
164
144
194
238
183
157
133
184
254
238
50
240
163
104
189
160
211
23
113
74
8
133
213
151
78
100
168
117
194
125
255
172
131
250
251
235
86
180
86
71
250
94
30
17
38
24
3
211
70
118
34
77
4
111
233
191
30
247
249
8
3
210
6
8
140
146
8
220
91
54
49
76
123
98
129
181
136
203
40
191
207
235
124
115
153
41
16
47
207
194
193
243
28
4
87
42
255
222
169
48
21
117
108
243
138
23
38
143
16
91
161
8
106
73
203
39
153
83
123
199
169
196
71
40
177
27
50
223
118
38
174
203
167
15
139
230
251
116
182
192
221
95
194
43
151
126
37
42
137
78
194
78
199
162
184
54
46
2
157
227
184
138
52
67
44
95
220
229
208
52
13
45
181
47
166
197
6
149
211
198
43
124
86
194
86
71
137
154
137
252
74
32
85
222
141
215
153
247
39
184
128
126
253
100
234
54
69
155
3
202
170
194
168
225
171
220
69
153
164
102
245
160
90
203
163
149
251
124
166
192
143
201
186
58
102
92
13
236
107
224
149
35
209
255
71
155
123
129
78
216
193
37
229
245
205
214
18
184
43
55
127
181
85
22
204
169
220
54
5
50
132
113
113
228
191
200
237
77
176
12
247
53
151
212
43
59
72
178
159
175
233
105
247
178
243
49
224
231
163
34
153
22
58
11
175
55
84
124
89
81
169
218
236
118
207
94
95
221
202
14
101
230
219
199
2
109
105
142
32
52
95
187
166
100
234
58
134
250
160
198
200
58
178
180
234
88
152
43
68
160
60
122
156
59
93
191
72
198
214
70
196
216
95
249
88
85
250
147
71
95
161
230
27
183
4
248
69
99
196
253
209
251
212
227
250
85
42
15
112
149
16
140
115
147
86
234
253
57
58
137
187
21
225
111
217
52
126
152
16
230
134
178
44
224
60
121
107
179
219
84
71
105
105
30
179
143
86
165
149
148
136
48
69
210
30
141
64
67
127
74
164
126
201
250
72
137
212
192
231
38
47
206
142
188
232
249
167
1
47
234
183
32
203
111
219
108
253
137
165
145
172
66
248
175
24
23
50
235
8
63
80
225
233
0
219
103
67
154
81
140
47
184
128
42
190
84
26
202
156
119
219
46
48
0
109
244
39
67
115
227
4
4
175
61
216
67
244
36
117
196
45
52
52
160
188
153
70
195
68
73
35
4
84
225
179
109
77
210
226
111
44
51
71
63
196
179
219
161
71
126
141
43
127
145
13
154
105
96
200
151
27
122
253
197
57
123
255
36
6
184
162
67
198
215
187
88
241
37
8
34
7
134
110
20
30
203
146
212
216
205
42
78
142
42
158
40
104
79
167
200
33
158
223
122
29
125
44
222
59
232
28
158
89
61
6
70
5
83
254
177
132
85
190
64
137
60
15
171
219
139
32
134
39
254
233
184
28
255
85
188
80
130
52
59
116
1
22
6
125
23
241
186
196
76
91
18
214
114
164
127
213
163
138
39
190
61
26
91
114
23
205
35
238
144
159
167
44
233
4
188
102
149
155
124
237
188
252
100
125
77
3
209
12
119
177
4
171
0
192
157
53
105
121
214
251
30
72
143
47
22
118
211
190
234
43
48
68
201
38
31
222
66
121
149
133
161
201
167
162
231
139
119
38
103
69
55
79
54
84
230
238
160
208
61
183
106
231
157
237
135
61
46
80
155
20
110
167
75
46
127
182
202
25
153
133
89
15
207
231
127
48
236
52
71
62
6
31
113
66
101
205
190
43
132
38
11
33
101
227
65
47
169
62
21
236
25
86
221
202
254
15
195
218
88
181
109
95
140
143
228
76
17
125
151
255
210
245
31
44
143
196
70
214
102
127
9
195
183
245
248
176
164
198
138
92
13
163
112
15
143
29
241
183
119
81
51
126
123
136
28
112
198
181
88
90
121
162
183
14
180
72
96
252
158
89
251
19
46
28
119
112
10
244
0
169
103
66
174
90
165
30
11
75
72
56
186
37
191
202
51
172
154
165
69
80
223
249
162
89
182
114
89
193
157
150
65
90
0
200
16
93
162
113
53
254
72
169
39
121
177
163
85
45
171
228
5
135
107
127
34
179
131
55
0
24
197
224
214
85
211
252
193
179
192
51
245
115
83
231
37
17
150
10
163
133
53
37
175
87
192
82
38
47
173
247
15
220
84
222
80
27
51
169
105
97
209
135
144
152
121
49
25
201
251
78
27
184
1
218
44
150
245
102
49
13
105
87
149
41
242
59
157
203
241
250
135
46
198
94
189
195
189
95
228
22
134
225
238
134
115
137
31
77
49
43
176
211
116
31
198
214
243
120
243
153
40
202
17
75
61
229
88
85
108
98
64
21
216
40
222
103
75
132
163
34
44
198
203
166
141
234
6
214
57
212
76
75
51
54
51
146
176
210
135
196
248
242
19
88
141
206
73
205
19
202
169
121
25
243
137
190
10
172
155
159
143
251
50
116
68
153
226
164
137
213
45
96
226
108
208
248
191
28
81
33
159
206
69
14
88
98
102
29
127
16
233
25
184
101
140
188
237
203
63
15
123
190
250
228
90
242
179
176
83
132
46
145
14
197
25
83
109
113
115
105
137
209
10
4
242
67
88
4
114
129
156
140
216
192
178
235
129
111
238
154
203
52
3
191
144
152
55
246
32
172
141
166
141
133
152
96
76
123
29
206
163
71
13
254
151
132
214
207
198
18
97
175
113
243
183
153
87
92
150
49
241
65
132
93
171
45
113
181
114
157
215
169
190
133
150
237
60
240
27
36
241
99
61
195
152
211
27
77
70
102
175
209
234
73
161
92
41
249
170
90
160
29
2
231
140
107
86
81
250
45
66
222
219
206
219
244
196
2
19
102
191
7
164
97
9
2
127
115
176
159
66
52
196
156
85
33
23
152
148
233
172
222
68
175
250
183
96
84
206
9
116
114
67
108
11
86
63
187
19
192
130
24
24
55
10
24
59
213
227
194
63
129
242
78
105
4
154
215
51
138
70
214
53
60
144
58
54
254
101
102
134
103
183
209
151
82
20
254
106
246
169
120
1
6
45
56
252
76
46
38
51
131
118
233
151
135
237
25
51
89
20
148
184
160
218
59
48
23
4
70
87
168
183
224
137
47
190
175
93
58
205
204
233
139
197
244
215
85
57
67
30
81
53
213
247
224
92
194
183
14
66
247
249
57
210
225
23
32
133
160
6
114
173
48
221
127
246
177
197
76
27
5
80
240
253
84
38
251
164
123
169
142
25
114
193
206
120
40
235
227
229
45
255
228
161
60
254
9
52
206
211
18
0
46
155
105
233
174
186
27
114
232
169
242
186
231
58
49
113
1
174
181
149
191
54
23
84
252
71
209
54
130
100
96
61
201
110
234
97
173
55
212
23
63
230
234
68
255
2
24
221
247
90
88
65
53
198
164
196
214
127
140
203
175
150
231
68
70
211
153
160
111
102
107
148
176
67
91
165
59
180
245
213
146
216
6
54
12
195
74
27
28
102
136
82
146
128
74
31
151
104
16
183
231
52
114
199
121
147
24
195
198
213
160
27
6
128
103
226
115
188
100
99
150
229
90
38
95
88
61
193
20
219
142
135
66
82
130
2
169
238
79
20
78
165
26
154
251
183
37
162
112
94
34
81
212
206
47
178
113
109
169
169
184
150
111
243
4
58
177
228
123
124
20
164
195
58
197
131
144
12
191
228
249
22
151
98
164
42
49
85
3
33
107
109
217
53
105
222
36
78
12
235
169
19
44
37
27
91
128
36
116
132
208
198
230
207
221
161
8
199
60
3
32
23
37
183
54
148
154
44
144
224
195
202
15
242
80
112
69
200
151
73
152
191
5
72
63
21
2
201
43
156
107
176
108
211
72
82
94
113
129
99
58
92
27
236
37
148
34
128
50
101
249
169
182
65
120
51
145
35
99
162
248
230
168
156
78
186
161
219
86
2
160
126
113
223
141
184
68
169
245
236
228
183
156
249
55
89
41
143
71
100
134
39
38
9
15
207
108
18
133
241
76
187
200
114
148
68
237
46
203
186
5
122
84
71
228
81
91
74
247
183
20
112
249
118
32
135
189
119
21
105
184
198
240
232
23
20
165
52
140
134
89
192
193
187
39
128
192
114
207
180
176
249
246
3
71
225
84
117
39
143
108
76
95
80
185
60
117
212
169
58
246
245
245
107
82
210
11
124
22
65
82
68
20
75
28
85
132
92
207
9
145
43
110
229
241
246
87
112
210
73
93
135
85
175
232
35
117
193
197
67
55
8
103
214
76
49
90
243
19
60
47
246
66
0
220
215
189
22
219
117
246
195
179
50
217
68
130
244
119
42
145
209
131
96
2
3
60
3
192
105
161
209
185
54
79
218
129
133
216
187
141
203
104
211
247
91
189
247
129
157
176
203
70
60
117
228
82
51
109
205
173
26
82
199
2
46
74
241
222
45
32
134
113
189
40
19
196
205
146
29
89
253
224
5
103
146
99
17
118
86
18
184
122
0
80
44
141
204
180
202
207
102
7
35
46
145
178
177
141
115
99
232
206
2
133
89
208
54
37
150
174
59
131
128
226
193
247
124
173
234
235
14
246
59
132
34
195
112
117
161
211
180
4
134
127
147
47