97 57 6
76 83 12
56 140 68
35 105 125
14 114 98
11 70 71
8 52 57
55 107 44
102 216 30
59 92 16
16 15 31
48 58 47
80 111 83
104 58 119
127 13 110
122 107 101
117 214 106
92 129 112
67 229 127
65 75 142
63 3 111
86 88 81
109 216 127
101 140 174
92 142 126
63 91 79
35 110 125
29 103 172
23 52 109
25 67 47
28 194 48
34 113 49
40 183 112
28 133 176
16 135 99
56 141 22
97 235 42
80 166 63
64 193 51
46 87 40
29 150 112
58 96 185
87 98 110
81 44 35
75 23 75
57 98 116
40 148 78
20 124 40
0 119 45
23 111 51
45 194 96
60 120 142
76 232 164
57 104 186
39 83 187
40 113 189
41 181 148
61 79 107
82 136 71
43 118 36
4 87 80
48 56 125
92 83 180
46 60 236
194 79 10
153 138 20
112 141 51
70 166 82
28 110 121
22 117 159
16 91 106
110 161 54
205 144 91
119 137 129
33 86 110
97 108 91
161 135 102
208 108 113
255 106 121
244 202 130
234 173 140
184 73 151
135 149 169
130 71 186
126 67 145
172 134 103
219 167 103
202 204 103
185 157 73
127 112 44
70 147 93
58 252 142
46 82 91
51 24 41
56 81 62
68 78 83
81 127 89
56 216 96
32 179 62
113 197 29
195 198 65
161 239 102
128 171 88
93 5 74
58 89 144
116 136 213
174 103 176
162 57 138
150 127 122
115 222 106
80 162 75
40 232 44
1 176 80
46 134 116
91 149 146
121 54 176
152 156 141
115 101 106
78 106 108
80 191 110
82 144 125
123 0 140
165 110 110
87 250 81
9 123 96
97 57 111
185 131 132
92 157 153
205 122 14
166 119 29
127 123 34
102 142 40
77 43 144
99 58 248
121 35 156
118 77 64
115 65 153
77 73 243
40 84 189
81 132 135
123 216 121
187 158 108
251 102 133
211 188 159
171 204 175
127 176 191
82 224 211
121 110 231
160 61 178
184 77 126
209 115 79
208 156 32
208 173 21
175 137 10
143 117 61
102 155 112
62 3 74
83 38 36
103 30 76
79 63 117
55 34 66
75 112 16
96 169 26
103 129 36
110 121 89
107 213 142
104 248 125
76 87 109
49 67 175
77 105 242
104 124 242
119 105 242
135 208 169
102 171 97
70 48 73
40 156 49
10 220 115
81 152 181
152 216 195
147 167 210
142 239 118
130 123 27
119 50 29
113 142 31
108 206 102
112 115 173
116 55 150
118 139 127
121 98 112
116 136 97
111 229 84
55 97 71
216 112 20
179 93 40
142 122 57
134 236 74
127 113 116
176 38 157
226 75 103
125 50 49
25 61 132
36 7 216
47 89 161
66 121 107
85 192 119
166 208 131
248 140 143
178 246 156
109 177 142
69 205 129
30 162 137
112 84 145
194 50 123
196 1 102
199 97 95
215 135 88
232 140 90
224 146 92
216 154 108
147 249 123
79 149 102
115 97 82
151 66 82
90 111 82
29 98 80
94 31 78
160 62 48
92 29 18
25 141 61
52 244 104
80 163 99
60 29 95
41 104 162
38 95 230
35 64 189
77 34 149
120 121 118
90 206 86
61 99 102
40 126 119
20 115 159
117 41 200
214 120 158
173 161 115
133 165 111
146 104 106
160 74 106
147 122 107
135 159 128
101 202 150
67 115 152
150 153 154
234 155 121
135 161 88
37 128 82
18 4 77
153 234 25
115 143 51
77 37 80
112 124 109
148 135 88
162 140 67
176 178 51
114 122 35
53 125 112
87 83 189
121 145 134
141 127 80
162 224 117
168 137 154
175 4 153
159 134 153
144 53 110
108 137 68
73 135 63
88 96 59
103 54 69
152 73 79
201 139 111
194 137 144
187 107 159
183 98 175
179 104 155
160 195 135
141 250 131
112 135 128
82 26 87
81 103 47
81 216 94
114 90 141
147 22 71
93 60 1
40 170 33
84 192 66
128 134 74
130 137 82
132 226 150
124 96 218
116 4 137
120 43 57
125 38 66
133 71 76
142 18 132
101 54 189
60 75 204
138 91 220
217 65 120
184 104 21
151 157 103
131 110 186
111 20 184
129 100 183
146 107 155
131 142 127
117 52 154
154 154 181
192 208 130
130 138 79
67 121 81
33 85 83
90 159 35
51 211 70
12 123 114
91 91 158
170 109 134
148 210 111
127 167 91
104 136 71
81 134 123
138 55 176
195 114 164
217 19 153
240 145 142
171 113 131
102 148 125
140 235 119
179 121 113
147 156 106
116 144 79
64 114 53
12 96 85
108 98 118
204 130 120
173 168 122
142 96 108
142 35 93
142 85 111
173 179 130
204 210 106
109 169 82
14 121 106
73 59 129
133 116 149
134 91 168
135 96 135
95 19 102
55 133 86
115 222 70
176 129 69
199 160 68
223 165 116
210 59 165
197 62 156
163 97 147
130 45 124
176 22 101
223 25 156
161 0 211
100 82 219
160 186 228
220 112 176
194 35 123
169 142 165
116 160 207
63 103 210
110 153 213
158 174 171
162 209 129
167 148 145
159 206 161
151 181 130
124 65 100
98 135 127
49 215 154
64 194 44
65 176 89
66 154 148
118 96 207
170 0 181
127 129 155
84 146 131
81 143 107
79 220 135
137 157 164
195 238 195
185 140 226
174 226 167
165 153 109
157 242 97
165 182 86
174 43 115
169 152 145
164 171 96
111 109 47
58 120 102
130 137 158
201 115 129
184 92 101
168 75 56
120 94 12
72 23 68
125 156 125
178 243 81
146 211 37
114 233 124
152 125 212
191 99 204
164 138 196
137 253 200
144 154 204
151 124 139
169 90 75
187 2 64
201 137 54
215 217 83
216 112 112
218 90 174
144 69 237
71 25 182
94 77 127
118 62 180
138 43 233
159 68 235
193 121 237
228 162 231
162 127 226
97 218 227
112 148 228
128 81 235
130 157 243
133 230 187
150 199 132
167 126 136
169 188 141
172 248 131
164 148 122
156 140 173
78 121 225
39 95 82
79 146 164
120 112 140
145 139 116
171 120 125
106 163 134
41 103 99
59 70 63
77 105 104
136 118 145
196 134 131
152 78 118
109 103 116
160 32 115
212 136 139
190 208 164
169 136 146
190 238 128
212 169 108
158 31 89
105 138 105
152 215 121
199 99 106
196 10 92
194 122 62
98 244 33
3 115 87
77 180 142
152 203 131
183 199 120
214 161 122
231 112 125
249 111 124
194 112 124
139 185 128
193 223 132
248 95 129
223 14 126
199 101 123
203 172 121
207 127 132
223 84 143
239 61 184
126 65 226
13 135 158
13 201 90
13 131 149
116 42 209
219 103 183
227 69 157
236 136 157
130 93 158
25 145 197
109 133 237
194 154 235
151 167 233
108 191 190
137 232 148
167 163 120
180 172 92
194 176 134
204 142 176
215 133 203
107 129 231
116 41 120
91 92 240
67 9 133
117 145 26
168 179 70
156 117 114
145 35 67
137 57 20
129 15 73
157 91 126
185 102 68
155 100 10
125 78 66
139 44 122
154 64 182
150 93 242
146 58 176
188 185 111
231 238 121
202 145 131
174 188 108
194 178 85
214 58 84
167 58 83
120 159 69
89 141 55
58 13 107
98 148 159
138 192 181
169 162 203
201 101 120
206 144 38
212 124 45
183 151 52
154 154 56
197 144 61
240 21 119
208 98 177
177 219 183
170 138 189
162 35 181
165 46 174
168 6 194
102 120 215
37 250 134
46 191 54
55 221 119
144 152 185
233 235 131
211 166 78
190 222 84
126 126 90
62 138 168
108 165 247
155 238 235
127 181 223
99 137 194
93 162 165
87 125 104
127 125 44
167 142 137
144 107 230
121 124 233
60 100 237
194 69 122
104 172 245
14 121 130
90 253 16
166 167 96
207 93 177
249 120 149
215 108 122
181 107 116
177 132 110
174 100 89
157 143 69
141 117 79
119 5 90
97 36 156
110 43 223
123 140 148
186 208 74
250 149 89
246 123 104
243 159 112
236 251 120
229 90 112
138 8 105
47 94 119
80 150 134
113 121 155
118 207 176
124 196 195
156 156 214
188 162 171
182 242 128
176 184 84
172 217 41
169 150 62
200 180 83
232 111 119
194 138 156
156 131 145
137 128 134
118 86 132
108 61 131
98 66 139
79 161 147
61 126 139
79 94 131
98 163 172
172 110 212
247 158 129
195 141 47
144 133 82
121 51 118
99 121 179
107 151 239
116 152 205
103 184 171
91 152 152
49 154 133
7 140 92
73 64 51
140 86 102
83 23 153
27 108 153
13 149 154
115 64 125
82 79 251
49 52 128
102 151 6
156 145 123
156 176 240
156 245 232
162 191 225
168 174 159
162 134 94
156 26 111
169 166 129
182 244 93
120 80 58
58 33 131
101 137 205
144 251 121
137 153 37
131 27 57
155 68 77
180 76 116
181 95 155
183 43 141
125 32 127
68 60 170
118 141 213
169 115 203
138 173 194
108 230 210
163 190 226
219 152 222
213 149 219
208 156 124
198 150 30
189 50 68
193 127 106
198 108 120
158 85 135
119 41 107
141 114 80
164 122 84
143 118 88
122 38 84
81 101 80
39 1 144
55 139 209
71 230 224
129 162 240
188 149 128
144 143 16
101 118 81
75 129 147
49 144 189
106 141 232
163 36 175
128 95 119
93 135 110
112 172 101
131 217 79
107 155 58
83 115 67
82 94 76
81 136 74
40 88 72
36 60 118
60 30 237
84 121 135
115 157 34
147 135 107
105 224 181
63 197 186
109 239 192
155 156 171
147 206 151
139 132 136
181 252 122
224 148 134
122 41 147
20 88 144
92 221 141
165 213 117
89 128 93
13 85 118
65 46 144
117 94 171
127 10 198
137 49 189
113 20 180
89 98 192
157 240 204
226 148 168
159 142 131
92 157 157
171 223 183
251 158 190
245 46 196
240 129 106
224 178 15
209 135 72
186 170 129
164 145 117
123 53 105
82 122 134
146 168 163
210 179 146
178 253 129
147 172 142
82 205 156
18 150 154
31 232 152
45 186 185
87 161 218
129 148 165
94 165 113
59 127 133
29 206 154
0 207 184
105 236 213
211 124 155
153 27 98
96 150 78
175 185 59
255 173 86
140 226 113
26 124 132
81 104 150
136 89 151
68 67 152
21 147 112
84 124 224
146 248 143
119 124 62
92 14 92
95 139 122
99 81 140
139 125 159
179 7 183
166 75 208
153 47 161
173 137 115
193 58 175
106 102 236
19 60 157
80 142 78
142 255 113
103 167 149
64 139 180
117 119 212
169 247 226
131 107 241
94 124 237
90 111 233
87 74 214
103 141 196
120 97 132
124 74 69
129 35 105
164 124 141
200 212 157
208 144 174
215 136 87
178 169 1
141 144 76
164 172 152
187 250 114
135 155 76
84 228 161
104 165 247
125 176 208
130 204 170
135 193 201
90 204 233
45 164 164
93 159 96
140 122 146
161 133 196
182 119 203
106 109 210
31 22 186
52 177 162
73 242 178
98 188 195
124 197 136
130 175 77
136 253 47
186 163 18
236 64 93
182 117 169
129 51 197
124 90 225
118 51 229
59 78 233
7 116 69
108 73 139
209 130 133
123 79 128
38 129 132
86 240 136
135 161 110
169 173 85
203 105 129
185 41 174
168 71 122
165 194 70
162 188 130
90 249 191
18 115 160
69 35 129
120 137 126
118 147 123
116 115 132
169 46 141
222 98 135
136 50 130
51 139 179
68 227 229
85 117 210
49 153 191
14 85 124
90 23 57
166 59 105
158 28 154
150 158 142
170 183 131
191 160 82
132 220 34
74 169 89
142 125 145
210 137 124
148 92 103
87 163 151
63 89 199
40 158 156
81 195 114
123 220 124
98 254 135
73 152 120
154 118 105
236 143 148
235 130 191
235 106 198
119 130 206
4 99 177
75 238 148
147 155 181
92 80 213
37 172 159
106 226 105
176 206 104
196 153 104
217 100 124
225 128 144
233 143 131
167 154 118
101 142 145
50 196 173
19 247 27
100 169 54
181 121 124
115 148 195
48 183 173
63 161 151
79 151 81
129 136 11
179 202 75
146 124 140
113 4 82
127 125 25
141 254 85
124 172 146
108 117 163
131 124 180
154 112 138
126 150 97
97 128 83
116 108 70
136 49 45
132 126 20
129 158 122
90 136 225
50 17 205
56 106 186
62 67 116
129 117 46
196 151 106
182 127 167
167 212 128
178 136 89
189 102 78
121 173 67
52 187 103
114 149 139
175 84 135
125 129 131
74 246 141
58 185 151
43 173 104
54 178 58
66 239 48
94 147 38
121 72 76
135 129 115
150 203 151
142 121 187
135 46 194
96 72 202
57 7 168
107 106 135
157 63 183
88 101 232
19 188 183
72 187 134
125 195 162
148 117 190
172 55 154
158 128 119
144 241 65
114 143 12
84 167 62
42 92 113
32 166 43
93 237 87
154 183 94
106 209 101
59 138 122
41 71 143
23 66 90
89 19 37
155 172 68
107 252 99
59 84 116
89 49 134
120 150 149
159 69 165
198 118 185
193 232 205
189 167 132
134 214 59
79 177 105
64 212 152
50 131 88
129 250 25
208 199 120
112 143 215
16 141 167
63 189 120
111 183 128
169 227 136
227 133 120
206 120 104
185 136 93
186 50 82
188 92 73
109 183 65
31 178 109
86 203 152
141 144 146
101 97 140
62 201 163
54 232 185
46 140 121
28 108 58
10 120 93
90 25 129
170 113 122
117 124 115
64 160 147
49 105 180
35 122 191
72 106 203
110 111 147
139 119 91
168 104 158
84 75 225
1 141 178
37 141 132
74 148 133
101 66 134
128 113 105
92 89 76
56 97 52
61 13 27
67 58 97
33 7 167
40 183 60
75 193 121
110 165 64
111 123 8
113 89 71
115 62 135
116 26 99
151 110 64
185 215 61
144 131 58
103 32 150
126 117 243
150 229 214
151 101 185
153 55 208
185 119 231
217 113 126
142 148 22
67 154 128
93 140 234
119 15 132
147 142 31
175 245 118
146 180 205
117 218 130
120 167 55
123 251 141
141 132 227
159 37 134
165 115 41
171 164 58
177 105 75
183 33 69
122 89 64
61 140 115
117 152 166
173 195 158
120 139 150
67 232 185
56 132 220
46 50 139
73 94 58
101 110 139
151 145 220
201 231 168
136 185 116
72 211 144
84 184 173
97 232 188
86 179 204
76 212 126
100 129 48
123 160 133
68 118 218
13 160 174
59 133 130
106 191 104
139 181 78
172 242 56
156 156 34
141 46 38
122 79 43
103 47 132
51 41 221
49 107 74
57 190 148
66 151 90
117 30 32
168 81 112
189 62 192
210 106 117
213 181 43
216 133 86
181 26 130
147 61 126
163 159 123
180 136 146
144 53 169
108 73 160
177 79 150
246 109 117
150 114 85
55 153 116
121 179 147
188 63 145
165 58 142
142 159 144
180 115 147
219 103 135
177 13 124
136 98 164
114 14 204
92 56 163
125 139 122
158 124 135
168 173 149
179 54 149
135 3 149
92 63 156
148 73 163
205 130 170
138 35 178
72 123 181
59 15 184
46 58 158
119 110 132
192 111 162
212 214 193
232 176 184
156 174 175
80 189 142
119 189 109
159 202 119
101 166 129
43 132 132
61 26 135
79 117 132
52 80 129
25 120 136
82 41 144
139 157 119
178 226 95
217 221 77
221 248 60
226 136 55
182 212 50
139 117 125
69 110 199
114 58 88
103 135 176
93 220 116
107 111 56
121 145 152
138 123 249
155 157 136
151 134 23
147 112 112
132 51 202
118 28 102
163 135 3
208 104 78
172 123 154
136 108 112
149 119 70
161 130 109
103 159 148
44 167 104
125 147 61
207 3 157
174 109 254
141 220 171
170 107 89
199 66 141
173 58 194
147 117 187
154 100 181
161 36 192
127 53 203
93 21 213
128 97 223
162 9 229
115 22 235
69 39 197
144 131 160
220 219 183
185 122 207
151 213 177
128 95 148
105 58 177
119 105 207
134 10 186
182 85 166
231 87 200
179 124 235
127 185 140
125 160 45
123 223 49
104 133 54
84 124 138
118 144 223
151 205 131
128 142 40
105 202 99
123 151 158
141 173 135
177 191 113
213 170 99
169 157 86
126 39 72
106 130 58
86 99 118
43 94 178
179 45 93
149 75 186
120 123 139
97 52 92
74 101 151
87 131 209
101 104 128
89 88 47
78 104 113
84 38 180
90 129 107
163 252 34
237 157 95
201 229 156
165 172 137
121 161 119
77 145 108
55 225 97
34 212 110
130 240 123
226 101 171
183 155 219
140 140 155
160 28 90
180 60 137
169 37 184
158 159 161
194 236 139
231 101 138
130 19 136
29 76 133
87 188 131
146 96 137
96 39 143
46 73 154
141 196 166
236 125 182
233 21 199
230 102 157
197 96 115
164 122 130
120 243 145
77 127 119
153 31 94
230 95 152
202 52 210
175 100 173
131 43 136
88 107 138
107 20 141
126 121 157
175 224 172
224 167 156
205 81 140
186 143 156
165 190 173
144 196 173
176 198 174
209 171 157
117 173 140
26 149 105
29 171 70
33 135 97
16 168 124
153 48 98
168 73 197
183 145 163
123 115 129
63 76 149
93 77 170
123 41 121
101 87 72
80 179 115
120 139 158
160 200 112
195 142 66
230 43 112
184 127 158
139 192 163
133 162 168
127 65 107
125 129 47
123 216 116
168 123 185
214 9 185
172 128 185
130 158 138
120 123 92
110 109 133
123 146 174
136 248 136
166 153 98
197 115 84
148 65 70
100 79 54
104 123 39
108 151 45
102 57 51
96 19 111
124 130 172
153 67 182
191 101 192
229 78 137
165 67 83
102 92 83
103 142 84
104 224 53
128 143 22
153 210 104
134 149 186
115 121 206
110 114 227
104 145 228
99 109 229
94 119 175
133 131 122
173 158 181
191 138 240
210 99 214
155 136 188
100 225 212
104 205 236
108 144 215
79 163 195
49 214 138
87 159 82
126 102 76
63 67 70
128 63 80
187 26 160
246 143 136
149 190 112
52 93 144
98 63 177
145 45 109
113 42 41
82 139 120
156 139 199
230 109 165
226 75 132
223 88 137
168 46 143
113 119 159
145 230 175
178 85 143
195 13 111
212 94 115
207 27 119
202 99 122
161 191 126
120 142 131
80 197 136
41 167 133
77 191 131
114 172 151
138 14 171
163 68 120
167 50 69
171 58 103
120 74 136
70 65 118
108 19 100
146 95 98
108 241 97
71 162 101
150 240 106
229 120 113
134 2 120
40 76 141
85 9 163
131 118 91
103 110 20
76 158 93
66 216 166
56 166 145
88 147 125
121 153 154
91 154 184
62 90 169
92 24 155
122 154 188
178 214 222
234 142 207
145 32 192
56 171 179
32 255 165
8 194 195
40 123 224
73 168 166
146 149 109
219 73 126
109 0 143
84 180 61
126 159 123
169 213 109
138 149 95
108 43 139
100 48 184
92 34 97
104 110 10
116 199 125
172 129 240
229 22 219
191 126 198
154 191 163
150 118 129
146 8 155
122 125 182
99 34 179
158 87 176
217 123 114
166 115 53
115 170 60
139 105 68
163 22 124
112 144 180
61 173 134
77 154 89
93 237 167
91 142 245
90 93 157
96 59 69
102 32 151
115 61 234
128 18 192
149 81 150
171 103 86
122 115 22
74 102 21
141 183 21
209 161 89
171 139 158
133 203 200
117 95 242
100 129 130
120 130 18
139 97 82
119 163 146
99 182 85
94 156 24
89 169 81
84 99 139
78 63 163
119 141 188
160 223 196
172 180 204
184 225 200
163 140 197
142 173 146
109 197 95
77 254 174
82 204 254
87 188 195
115 110 136
144 42 176
72 19 217
40 157 52
66 220 105
92 202 87
128 150 69
164 102 125
102 52 180
40 71 129
95 167 79
151 168 119
189 156 160
228 121 175
156 218 191
85 187 143
132 227 95
179 141 111
100 228 126
21 140 170
121 180 214
222 114 166
125 140 118
29 134 136
118 38 153
207 78 132
144 186 112
81 101 117
77 15 123
73 169 184
45 224 245
17 147 192
25 64 139
34 63 144
110 120 149
187 121 121
191 185 93
196 133 111
137 16 130
78 131 86
133 230 43
189 168 77
208 190 112
227 163 123
148 39 135
70 104 91
136 187 48
203 149 81
172 160 115
142 137 104
100 127 94
58 106 126
76 13 158
95 119 136
146 255 114
198 166 133
166 60 152
134 139 141
181 133 130
228 142 100
187 109 71
146 175 118
124 251 166
102 147 160
85 62 154
69 40 134
34 37 115
40 231 44
77 175 88
113 227 66
151 161 44
188 163 110
167 65 177
147 33 162
149 125 148
152 153 114
164 161 80
176 89 132
147 157 185
118 114 123
113 168 62
108 102 66
79 120 71
50 121 161
133 134 252
217 13 218
175 147 184
133 188 211
161 99 239
190 66 141
155 89 44
120 33 101
122 103 158
124 203 201
83 210 245
41 210 227
42 125 209
44 37 136
99 120 64
155 162 50
142 203 37
129 230 137
141 139 238
154 176 151
142 156 65
130 93 65
128 138 66
126 221 47
129 117 28
133 63 53
149 154 78
165 155 81
159 119 84
154 82 124
116 121 165
77 115 171
126 88 177
175 145 108
200 191 40
226 128 70
210 121 100
194 140 82
165 109 64
137 155 55
163 137 47
190 86 62
148 136 78
106 87 125
76 87 172
46 21 93
23 20 14
41 99 85
88 23 170
135 149 132
174 107 95
213 72 105
233 15 116
254 104 112
204 148 108
154 170 120
139 247 133
125 187 159
138 207 186
152 144 159
94 232 133
37 97 109
58 30 85
80 140 142
146 225 199
212 130 195
224 247 190
237 192 190
205 104 191
174 75 122
167 73 54
160 79 117
168 163 179
176 190 194
121 204 209
66 197 175
60 189 141
54 122 137
88 163 134
123 145 82
92 238 30
62 155 92
146 136 154
230 152 153
151 126 153
72 125 112
48 49 71
25 122 84
110 148 97
196 147 89
161 214 80
127 162 99
147 81 118
167 123 163
132 160 207
97 127 208
176 81 210
255 118 162
255 239 114
255 173 96
254 157 78
254 130 94
150 11 110
46 95 127
140 201 144
234 136 120
172 123 97
110 104 152
67 180 208
24 78 156
12 25 104
58 144 126
66 132 253
75 240 199
115 101 146
155 4 100
197 62 55
239 220 61
211 165 68
184 135 127
176 166 187
168 206 187
174 135 187
181 23 196
107 130 205
34 26 152
63 77 99
93 185 123
160 153 147
228 37 172
213 176 197
198 230 170
201 120 143
204 60 104
187 89 65
170 49 133
191 134 201
211 191 187
153 170 173
96 187 123
99 154 73
103 101 139
120 99 205
137 20 114
110 106 23
84 19 46
140 143 70
196 170 156
160 193 242
125 233 159
105 123 76
86 71 121
140 111 167
195 163 125
173 195 83
151 201 118
154 132 153
157 172 201
139 126 250
122 153 246
169 70 243
216 8 215
204 160 188
193 169 122
187 196 56
181 213 106
136 85 157
92 13 199
122 122 242
152 135 179
134 84 116
116 26 180
70 104 245
24 87 219
12 56 194
75 96 69
45 124 139
16 117 159
56 56 178
97 59 163
161 9 148
225 110 108
219 160 69
214 93 101
212 77 133
211 148 174
210 104 215
210 153 184
120 241 153
31 121 142
68 70 131
106 141 110
175 166 88
244 110 123
202 192 157
160 132 136
197 88 116
235 134 96
208 175 77
181 94 139
214 135 202
247 169 168
186 98 134
126 143 90
139 142 46
152 90 112
152 115 178
152 84 137
129 147 97
106 140 124
134 250 151
162 229 153
170 245 155
178 214 131
162 140 107
147 92 109
170 62 112
194 149 97
185 202 83
176 177 112
162 74 142
148 90 135
147 21 128
147 96 162
162 40 197
177 93 167
154 226 138
131 211 137
120 245 137
109 182 118
123 103 100
138 115 122
104 139 145
70 105 119
96 55 93
122 112 149
73 124 205
25 113 151
12 115 98
104 119 13
86 122 26
68 51 118
92 126 211
116 169 226
153 99 241
189 51 155
181 54 70
173 2 75
169 117 80
165 208 161
150 146 243
135 244 172
114 217 102
94 147 133
125 111 164
156 146 97
154 129 30
152 45 74
163 101 118
174 19 103
173 108 89
173 213 89
193 118 90
212 18 146
226 121 203
239 253 149
204 172 95
169 148 57
150 133 19
131 4 85
114 74 152
96 54 161
121 143 171
145 145 201
127 171 232
109 252 150
125 191 68
140 239 103
128 138 139
115 98 98
162 124 57
210 169 70
175 166 83
140 234 107
118 163 131
97 95 69
92 129 7
87 172 79
104 135 151
122 98 120
152 185 89
182 207 153
177 162 218
172 167 131
123 158 44
74 205 46
87 160 48
100 94 59
108 98 71
116 244 118
70 133 165
24 127 84
12 114 3
133 122 14
126 196 29
120 126 76
128 228 123
136 201 125
145 168 128
154 92 134
143 5 139
133 70 107
126 184 74
120 159 145
90 31 217
60 177 191
108 238 165
157 164 171
182 81 178
207 106 113
133 159 49
60 133 69
124 151 89
188 93 117
150 113 145
112 114 123
178 68 102
244 41 104
238 78 107
232 168 136
222 191 166
212 199 136
161 241 106
111 122 122
76 126 139
41 160 156
113 228 174
185 122 180
121 39 186
57 104 124
80 31 62
103 90 119
93 76 176
84 87 133
155 167 90
226 125 74
165 59 58
105 148 66
75 250 74
46 200 44
37 228 15
28 189 51
47 232 86
67 186 121
150 212 156
233 141 160
234 29 164
236 95 111
123 157 57
11 178 70
70 202 83
130 115 100
120 1 117
111 100 138
67 37 159
23 113 108
11 216 58
172 176 16
151 138 32
130 30 33
121 132 35
112 241 25
158 193 16
203 146 112
179 66 209
154 92 139
148 171 69
141 215 130
138 163 191
134 195 210
144 175 229
155 193 210
152 126 192
150 41 130
121 155 68
91 178 64
131 133 60
170 91 130
172 85 201
174 65 157
201 40 114
227 1 62
188 111 11
150 152 124
159 189 237
168 217 215
137 176 194
107 117 160
74 161 126
40 235 151
113 193 177
187 79 159
132 65 141
77 96 99
98 42 57
120 16 135
86 73 214
52 8 168
106 79 123
161 105 78
168 81 34
175 51 25
141 158 17
108 228 20
62 184 24
17 125 23
49 167 22
82 205 123
160 149 224
239 119 167
204 75 111
170 28 91
118 134 71
66 148 95
101 169 119
137 163 141
155 119 164
174 121 159
132 103 154
90 73 133
45 105 113
211 128 71
175 153 143
140 113 92
114 31 42
89 182 66
171 218 89
253 123 144
214 24 199
176 117 169
169 195 140
163 161 146
186 213 152
209 139 135
181 76 118
153 148 160
123 192 202
94 156 137
108 242 73
123 158 93
138 115 114
153 99 155
195 73 197
237 73 191
224 29 184
211 103 127
139 213 71
68 203 157
96 198 244
124 195 192
114 130 140
104 149 123
72 169 106
40 176 159
114 230 213
189 112 149
143 47 85
97 46 66
117 26 47
137 64 78
78 193 108
20 112 102
58 37 96
96 92 65
170 111 34
245 86 22
207 106 10
170 150 69
88 155 128
7 144 77
52 108 26
97 155 131
171 60 236
245 77 146
174 124 57
104 141 47
113 203 38
122 130 84
133 164 129
144 166 107
191 194 86
238 179 104
197 183 122
157 110 101
78 133 81
143 184 127
131 174 254
119 238 152
127 159 50
135 240 106
181 174 163
228 104 176
205 82 189
183 160 200
191 146 211
199 23 162
180 108 113
162 74 60
129 109 8
97 133 110
83 123 213
70 151 145
114 175 78
158 100 123
178 131 168
198 117 181
159 85 194
120 125 224
123 103 255
126 172 193
135 222 131
145 250 191
115 213 251
86 235 168
98 141 86
110 180 86
126 132 86
141 71 168
123 133 250
106 94 140
113 49 30
120 17 34
117 20 38
114 24 20
64 147 3
14 211 36
49 118 70
84 118 52
113 127 34
142 77 19
134 111 4
126 111 118
114 145 233
103 191 131
124 178 30
146 247 139
144 96 249
142 8 126
104 129 3
65 210 4
119 117 6
172 8 73
131 109 140
91 146 74
155 183 8
220 220 49
153 156 91
86 54 70
43 81 49
76 134 126
87 123 252
98 151 184
139 129 116
181 174 154
192 136 192
203 93 191
197 40 191
191 112 186
213 207 181
235 120 128
175 124 75
115 98 73
78 153 72
41 95 138
44 16 203
47 113 171
120 207 138
194 165 157
218 193 176
243 98 148
123 28 120
4 60 163
23 87 206
42 185 181
132 255 157
222 203 154
135 169 151
48 123 108
82 21 65
117 101 109
180 108 153
243 136 191
133 138 229
23 80 125
83 38 21
143 29 65
117 16 109
91 62 97
49 161 84
8 168 61
40 106 38
73 144 80
56 203 122
39 157 73
61 153 23
83 127 91
141 123 159
199 169 108
197 169 58
196 139 125
118 71 193
40 102 131
33 177 70
27 172 55
125 50 40
223 52 76
130 118 112
38 165 93
120 174 74
203 194 98
109 167 122
15 151 83
7 139 44
130 230 125
121 149 251
112 116 216
126 172 182
140 192 201
134 164 221
128 95 207
150 61 194
173 43 172
195 94 151
218 126 94
186 115 37
154 42 87
143 110 137
133 78 165
133 85 194
133 78 196
153 129 199
173 162 191
173 143 184
172 54 115
127 82 46
82 2 101
102 101 157
122 227 170
154 195 184
185 138 118
135 156 52
86 67 48
120 87 44
154 95 132
188 143 220
222 229 214
131 151 208
40 52 110
79 59 13
117 45 97
140 30 181
163 47 173
139 128 166
116 197 86
85 150 6
54 149 108
100 189 211
147 198 127
133 136 43
119 124 64
141 141 86
164 194 86
185 128 86
206 71 111
122 122 137
38 154 137
87 203 137
136 252 105
177 134 74
218 32 79
164 97 85
111 222 113
120 163 141
129 215 147
113 189 153
98 247 96
49 117 39
184 95 113
155 128 227
126 166 214
113 253 201
100 183 157
77 234 113
54 112 138
104 69 163
155 57 147
178 3 132
202 131 123
198 170 114
194 145 150
209 168 187
225 123 186
222 171 185
220 82 204
186 69 223
153 112 195
127 164 167
102 168 106
131 245 44
160 99 79
181 90 114
203 164 143
176 163 171
149 181 157
136 251 142
124 147 144
158 166 145
192 145 188
196 143 231
201 151 223
129 186 216
58 142 152
75 102 88
92 48 127
164 13 167
236 47 139
230 107 112
224 116 101
129 149 90
35 140 119
145 209 147
255 150 106
205 71 66
155 99 96
142 123 127
129 153 144
172 78 161
216 115 166
126 193 172
37 167 144
141 229 116
245 226 127
229 205 138
214 67 115
199 18 93
184 128 136
119 43 180
55 146 128
118 127 77
181 142 74
90 85 72
163 22 102
126 87 204
89 169 212
116 142 220
143 54 112
110 126 5
77 50 68
91 116 132
106 113 122
166 119 113
226 228 152
211 189 191
196 200 214
168 161 237
141 77 206
170 109 176
200 12 211
160 92 247
120 53 199
96 145 151
72 212 97
116 146 43
160 59 57
161 96 72
162 178 115
133 168 159
104 175 196
130 156 233
157 105 240
176 130 247
195 178 245
165 146 243
135 49 233
136 165 224
137 231 193
153 115 163
170 34 158
165 39 153
160 22 105
173 97 58
185 11 116
125 71 175
65 55 129
153 137 84
242 124 86
205 75 89
169 81 129
178 106 169
188 218 202
173 120 236
157 118 221
151 150 207
145 94 151
196 188 95
248 221 148
234 163 202
220 14 151
177 128 101
134 230 160
84 128 219
35 199 110
100 136 2
165 109 53
82 52 105
142 48 79
97 32 159
52 110 156
119 95 153
187 137 141
143 166 129
100 126 112
79 234 95
58 154 122
154 134 150
250 135 179
224 160 208
198 167 217
128 200 227
58 126 189
119 178 151
180 144 141
134 234 131
88 167 137
65 152 142
43 152 93
101 68 43
160 102 54
141 60 66
122 128 99
90 156 133
59 150 179
125 93 226
191 88 192
194 72 159
198 142 166
134 214 174
70 122 187
143 196 201
216 166 163
232 95 124
249 95 137
167 88 151
85 127 124
116 250 97
147 95 109
121 71 122
95 124 89
162 161 57
230 113 66
206 27 76
183 44 112
215 4 148
248 91 174
173 69 200
99 127 202
176 196 204
253 187 143
252 209 83
251 194 145
239 212 207
227 167 186
156 250 166
85 140 149
50 42 133
15 139 102
82 112 72
149 106 120
74 16 168
195 140 57
111 121 115
26 147 100
118 130 86
210 234 169
138 160 253
66 57 155
75 157 58
84 137 122
131 127 187
179 21 206
173 136 225
167 111 221
134 132 217
101 52 171
112 138 126
123 152 71
127 216 16
131 230 75
82 146 134
33 178 89
115 130 44
197 224 52
145 103 60
92 121 83
117 134 107
142 179 163
118 147 219
95 84 145
123 120 71
150 105 88
131 104 105
112 30 142
145 112 179
178 143 132
197 112 86
216 165 117
140 132 149
63 148 142
89 159 136
115 48 102
132 88 69
148 210 49
161 167 30
174 141 47
144 113 64
114 67 95
119 48 127
124 74 145
147 94 164
171 126 182
165 152 201
160 250 136
199 177 72
239 137 142
177 136 212
115 192 221
94 163 231
73 38 139
57 125 47
41 206 94
66 187 142
92 188 187
46 80 232
249 125 40
125 167 80
1 103 74
117 47 69
234 156 144
133 183 220
32 149 142
71 203 64
111 188 95
109 219 127
108 141 128
122 253 130
137 133 140
141 165 150
145 153 151
105 172 152
66 170 99
120 248 46
175 178 113
99 24 180
23 90 112
129 50 44
235 83 54
149 8 65
63 68 108
144 80 151
225 167 185
112 233 219
0 174 145
51 219 71
103 129 97
128 67 123
154 55 138
147 81 153
140 104 101
162 47 49
184 123 88
113 128 127
42 140 147
63 190 168
84 103 108
143 26 48
202 128 94
160 156 141
119 178 101
82 219 60
46 114 125
23 48 191
0 66 138
122 109 85
244 114 133
155 39 181
67 117 158
147 115 135
227 117 167
115 4 199
4 114 217
32 175 236
61 116 131
64 216 27
67 175 51
51 244 74
36 170 122
18 117 171
134 196 22
118 111 45
102 52 48
162 101 52
223 160 120
170 178 188
118 153 129
106 148 70
94 195 69
84 157 68
75 73 51
81 122 35
88 4 59
100 124 84
112 225 131
122 168 179
133 109 128
149 150 77
166 210 151
119 142 226
72 111 135
126 60 44
180 51 57
161 41 71
142 63 133
185 95 196
228 179 207
153 150 219
79 161 145
80 148 71
82 126 106
97 60 141
112 43 134
111 68 127
111 145 70
146 150 13
180 154 59
122 127 105
63 96 152
68 156 200
74 151 113
102 109 27
131 122 140
138 122 253
145 197 155
118 189 57
92 123 156
79 59 255
67 36 130
158 92 6
249 184 84
187 130 162
125 67 180
183 106 198
241 215 192
168 98 187
96 88 214
95 95 241
95 37 124
79 84 8
63 34 7
40 132 7
18 134 58
9 68 110
20 58 42
111 30 85
203 62 115
207 146 146
212 177 169
208 216 192
205 121 136
141 42 80
78 99 110
60 142 141
42 121 120
41 158 99
40 98 124
59 104 148
79 164 153
139 167 158
200 87 146
179 33 133
158 131 129
140 223 126
122 113 102
123 29 79
125 36 108
173 44 138
222 50 177
227 59 217
232 102 203
195 28 189
158 111 123
109 89 57
61 113 65
65 6 72
70 60 93
76 5 114
83 138 99
130 254 84
177 166 127
131 132 171
85 151 198
74 190 226
64 144 151
62 137 76
60 87 102
115 15 128
171 160 81
155 219 34
139 123 125
136 32 216
134 27 152
194 39 88
254 114 132
219 233 177
184 121 151
219 28 125
255 108 139
221 85 154
188 116 200
159 80 246
130 49 143
94 52 40
59 86 33
30 116 27
1 73 70
0 22 114
115 6 62
167 62 125
218 23 183
174 99 241
130 186 218
166 136 196
203 76 143
128 43 91
54 18 152
54 124 214
54 114 189
74 130 164
94 127 188
107 131 213
120 163 175
151 142 138
183 39 164
189 73 190
194 61 108
157 128 26
120 91 70
117 45 114
114 23 159
126 42 205
138 35 221
140 79 238
143 144 198
168 105 159
194 167 101
152 181 44
110 233 24
88 158 4
65 188 53
80 131 102
94 149 128
130 189 155
167 124 196
138 170 237
110 188 244
82 134 252
55 100 188
81 98 125
107 77 64
124 80 3
140 209 7
123 178 12
107 119 94
118 50 177
130 4 174
179 56 171
228 0 181
198 103 192
168 157 122
170 105 53
172 105 87
184 104 121
197 214 186
163 138 251
128 30 161
138 68 72
147 143 59
91 83 47
36 22 82
18 26 118
211 50 39
222 190 78
234 92 115
141 43 153
48 99 177
124 68 200
201 93 133
116 38 67
31 102 96
48 222 126
66 117 112
107 121 98
149 120 159
155 133 220
161 140 156
164 201 92
167 142 109
199 162 126
231 95 128
175 139 131
119 73 115
111 38 100
103 87 151
79 69 203
55 109 165
54 79 126
54 125 157
142 84 188
230 144 150
195 238 112
160 197 81
110 208 49
61 179 86
83 183 122
106 197 119
131 231 115
157 152 148
146 237 181
135 159 217
90 61 253
46 112 219
100 80 185
155 52 104
132 20 23
110 134 63
92 167 104
75 100 149
101 46 195
127 83 172
164 182 149
202 54 171
177 25 193
153 124 171
121 133 149
89 125 148
148 15 148
207 156 186
167 231 224
127 111 153
181 48 82
236 64 93
153 52 105
71 62 85
35 62 66
177 6 15
207 84 31
237 113 48
160 110 66
83 101 135
104 110 205
126 190 124
101 121 43
77 132 40
62 125 38
47 11 35
110 86 33
173 101 130
149 120 227
124 65 137
134 131 47
144 169 54
175 128 62
207 21 149
178 49 236
149 25 161
124 89 86
99 221 144
103 199 202
106 254 108
129 154 15
152 195 116
145 96 218
138 88 199
138 115 181
139 109 138
87 142 95
35 140 119
44 198 143
53 228 109
91 161 76
130 17 100
142 117 125
154 151 190
130 128 255
105 210 250
94 87 245
83 31 144
87 67 44
91 143 120
110 109 196
130 70 205
144 63 214
159 102 170
142 123 127
126 9 161
140 97 195
153 183 220
116 182 245
79 248 210
147 126 176
215 164 187
179 195 198
144 138 145
176 72 92
209 13 127
144 72 163
80 112 89
40 91 15
143 48 45
192 29 90
241 97 84
180 183 78
119 91 140
85 81 202
51 103 135
87 126 68
123 139 71
75 136 75
28 78 109
113 112 143
198 116 170
143 181 198
88 93 141
104 90 84
121 149 98
152 162 112
183 70 126
181 14 140
180 70 148
138 72 157
96 137 162
127 252 168
158 175 119
204 89 71
251 84 134
148 19 198
46 66 158
82 28 118
119 62 88
64 112 59
10 173 121
5 244 183
0 213 132
51 169 80
103 115 134
138 66 188
174 125 202
169 90 217
165 130 182
88 30 148
11 95 113
41 75 79
72 89 146
129 56 213
186 50 164
188 37 115
191 122 92
121 202 68
51 136 116
102 172 164
154 143 152
111 165 141
69 167 136
146 80 131
223 171 135
192 249 140
162 128 104
172 89 69
182 97 137
135 114 205
89 108 161
44 193 117
113 157 75
137 118 150
160 65 120
122 68 90
85 0 145
81 66 200
78 16 146
122 100 93
166 162 103
126 121 113
86 53 183
122 97 254
159 72 211
108 85 169
56 39 145
121 126 121
186 177 142
145 125 163
105 85 104
97 113 45
90 171 136
80 116 228
70 5 181
135 128 135
201 107 131
175 83 127
150 34 153
112 49 179
75 131 117
104 61 55
134 0 39
130 87 24
126 197 124
102 178 224
78 214 154
125 199 85
172 211 168
163 180 252
154 193 215
168 130 179
181 192 115
140 140 51
100 245 83
115 149 115
130 83 173
168 67 231
207 37 124
184 61 17
162 150 13
153 185 10
144 163 71
139 130 133
134 53 85
92 132 37
50 175 62
93 131 87
136 192 84
152 130 82
169 38 64
159 127 47
149 173 147
146 83 247
143 15 233
71 105 220
84 155 67
82 222 135
80 139 128
65 27 121
51 59 161
78 169 201
105 74 142
157 97 84
209 113 127
176 135 171
144 107 170
132 152 169
121 95 151
73 49 133
25 88 102
138 201 71
251 168 86
139 78 101
27 142 87
14 184 74
1 162 127
22 218 180
44 134 132
144 150 84
245 100 123
147 102 162
49 88 167
77 13 172
105 93 158
127 87 144
149 33 131
195 41 119
242 88 168
199 59 218
157 138 149
199 203 80
241 178 116
188 250 153
135 135 157
166 46 162
198 127 146
193 94 130
189 167 143
189 195 155
189 155 196
208 95 236
228 43 144
181 22 52
134 134 80
186 225 108
238 148 138
176 134 169
115 85 144
73 137 119
31 139 111
40 77 104
49 84 133
112 43 162
176 107 140
146 211 118
116 106 164
157 31 209
198 103 199
99 214 189
113 243 60
89 239 120
65 243 136
62 106 153
59 40 177
112 94 202
165 17 138
169 84 75
173 61 152
133 124 229
94 88 157
134 111 85
173 108 91
145 82 98
116 64 59
168 182 21
221 216 30
137 136 40
54 222 71
67 128 103
80 75 117
68 165 132
56 163 83
111 92 34
166 44 116
121 111 198
75 203 182
95 96 166
116 141 200
153 62 234
191 6 224
202 32 214
213 57 213
180 73 212
148 76 143
193 129 75
239 51 64
169 138 54
99 51 100
129 72 146
160 176 178
190 148 210
219 135 203
179 201 196
139 248 219
171 151 242
203 19 165
156 89 88
108 141 147
125 142 206
142 73 205
103 92 205
64 19 203
46 130 202
28 169 161
53 88 121
79 25 182
112 79 243
145 137 216
136 115 190
126 10 181
115 101 172
104 155 165
52 93 159
143 184 46
96 251 93
50 174 86
59 116 78
68 105 122
147 153 165
226 122 136
181 164 107
137 163 159
91 213 210
45 143 185
135 96 160
226 110 132
217 108 104
208 164 96
199 248 87
191 173 66
136 28 46
81 71 96
120 33 147
159 114 144
114 206 142
69 109 141
78 14 140
88 47 162
95 98 185
102 117 175
114 29 166
127 81 174
180 16 183
233 49 169
208 25 155
184 64 161
162 101 167
140 98 154
188 188 140
237 151 101
150 203 62
63 70 131
93 15 200
123 133 185
186 190 171
250 191 186
170 228 201
90 229 165
134 242 130
179 133 130
131 176 131
83 140 178
64 132 224
46 133 201
30 145 179
14 112 163
19 197 147
25 149 116
67 83 85
109 115 119
112 113 154
115 121 147
126 105 141
137 123 125
73 209 108
10 120 139
5 4 170
128 242 33
130 184 67
132 88 35
130 121 4
129 114 66
158 139 129
188 156 134
143 193 140
98 216 166
67 211 192
36 178 213
134 109 235
233 129 173
184 143 111
134 238 132
153 221 154
171 203 103
112 111 52
54 3 121
84 64 191
114 144 171
118 126 152
122 55 199
141 77 246
161 32 209
146 86 172
131 141 169
107 100 166
84 141 149
142 139 133
201 152 114
186 85 96
172 76 109
121 58 123
71 29 164
129 152 206
188 163 138
131 121 71
74 13 162
130 65 254
186 151 193
172 150 132
158 214 169
156 215 207
154 198 112
176 185 18
199 97 96
169 157 175
139 113 209
86 107 243
32 183 198
67 129 153
102 87 122
98 110 92
94 150 70
76 142 49
59 241 57
90 122 65
121 132 79
138 130 93
156 171 69
97 163 45
38 113 113
19 42 181
114 148 55
164 157 111
215 124 65
202 169 18
190 109 79
170 133 140
150 168 163
105 237 186
60 216 196
43 240 207
27 130 206
134 36 205
241 128 176
151 99 147
61 157 133
106 195 119
152 203 74
89 211 30
27 101 91
48 77 152
70 97 141
122 102 130
175 94 148
204 209 166
234 94 172
197 73 179
161 81 179
101 92 179
41 153 128
105 249 78
170 128 77
165 90 75
160 51 74
81 29 73
2 87 141
71 231 209
140 182 171
113 107 132
86 66 162
168 81 191
250 129 148
158 45 105
66 146 105
142 222 105
219 195 111
219 206 116
219 149 136
207 244 156
196 107 192
107 2 228
19 85 167
105 102 106
191 85 90
177 7 75
164 77 113
86 97 151
9 110 117
68 2 83
127 95 90
151 115 98
176 157 112
121 159 127
66 118 129
33 52 131
67 196 78
113 173 156
160 85 94
170 130 33
179 23 92
127 106 152
75 148 192
64 140 233
52 172 227
96 134 222
139 68 198
141 107 175
143 250 179
99 120 183
56 96 133
95 157 84
135 206 46
112 191 9
89 116 61
121 98 114
153 67 111
133 51 108
113 11 97
120 93 86
127 63 136
149 75 187
172 19 189
151 100 192
129 130 108
119 115 24
109 24 39
95 36 55
82 10 39
63 42 24
44 59 118
103 171 213
161 227 203
136 155 194
111 63 161
165 108 129
220 242 103
149 141 78
79 105 41
145 134 4
212 154 109
219 153 215
226 51 176
211 126 138
196 70 176
156 92 214
117 53 137
120 96 60
124 144 59
110 68 58
97 54 156
64 83 254
31 101 178
109 112 102
187 134 102
160 164 103
134 183 156
129 171 209
124 151 145
62 54 82
20 129 100
63 254 201
106 208 123
137 246 45
169 149 116
85 120 188
1 74 160
23 6 132
45 91 161
148 56 191
252 51 167
149 76 144
46 134 130
48 38 115
51 121 110
84 131 105
118 204 99
134 233 93
151 170 94
194 135 95
237 63 75
144 25 56
51 51 109
35 89 163
20 138 149
102 148 135
184 91 178
201 160 221
218 128 147
133 59 73
48 68 86
26 23 98
4 32 83
45 70 69
87 122 139
135 168 209
183 184 163
160 224 117
137 142 147
163 47 178
190 173 119
141 175 61
93 148 88
149 58 116
205 144 126
219 204 137
233 162 105
215 139 73
197 126 141
206 244 210
215 148 124
136 85 39
57 74 45
43 67 52
30 89 115
41 81 179
53 157 158
150 213 138
247 189 101
169 224 65
92 178 142
137 194 220
183 132 191
91 14 162
103 66 123
92 200 247
82 249 152
111 188 57
141 210 141
114 88 225
87 23 128
92 85 32
97 133 96
125 96 160
153 6 137
109 69 114
65 173 81
63 171 48
61 221 87
73 201 127
86 246 152
105 201 177
125 197 126
137 113 76
149 27 40
114 83 5
80 80 122
69 164 240
58 253 162
89 153 84
119 38 167
120 143 251
120 164 187
129 113 123
139 169 132
87 112 142
36 25 128
40 135 114
44 193 160
123 126 206
202 120 123
157 206 40
113 235 133
120 149 227
127 229 136
136 178 45
145 255 136
173 159 228
200 161 144
190 208 60
180 254 34
190 146 9
200 52 107
191 170 206
182 211 112
122 131 18
62 0 32
91 73 46
120 155 75
113 155 105
106 233 139
140 185 174
174 186 100
147 157 27
120 114 129
122 163 232
125 169 237
62 68 242
186 115 76
122 231 153
58 177 152
85 49 151
113 118 168
143 1 185
174 105 102
161 181 19
149 139 52
101 191 86
54 103 90
69 23 94
84 118 66
77 252 38
71 196 84
62 209 131
54 166 146
77 130 161
100 137 118
80 96 75
61 88 76
85 201 78
110 154 103
103 234 128
97 210 142
76 173 157
55 118 170
39 212 182
23 159 152
126 63 122
230 153 102
149 234 83
68 177 119
35 255 156
2 171 169
111 24 183
221 104 103
155 247 23
90 174 94
77 88 165
65 149 122
131 53 80
198 165 122
197 164 164
196 159 134
161 214 105
127 209 77
165 140 49
203 101 100
176 175 150
150 176 95
109 231 39
68 123 36
139 70 33
211 149 78
185 153 123
160 158 121
131 111 120
102 121 99
125 107 78
148 99 139
107 176 200
67 168 180
33 91 160
103 165 29
107 163 59
111 180 152
122 117 245
133 213 195
156 170 146
178 216 76
167 122 6
155 54 9
114 138 12
74 195 43
78 69 74
82 27 51
110 148 28
138 102 82
127 110 136
116 82 141
110 113 146
104 128 110
109 106 74
115 31 112
122 130 151
130 104 83
150 158 16
170 183 123
113 103 231
56 52 172
91 160 114
125 199 117
151 133 121
177 147 72
146 149 24
116 195 111
73 214 198
30 213 179
103 115 160
176 27 83
113 136 6
51 128 54
98 158 103
146 226 109
128 179 115
110 188 107
128 150 100
147 99 125
115 176 150
84 229 120
114 114 90
144 38 92
117 76 95
91 88 78
90 154 61
88 193 40
110 174 20
132 219 81
161 153 142
191 135 104
140 91 66
90 82 98
140 50 130
191 2 149
117 146 169
43 238 124
21 93 79
20 70 21
92 78 43
165 93 114
159 26 186
154 131 158
168 251 131
183 159 119
172 37 107
162 100 114
128 112 121
94 137 134
87 34 147
81 108 82
143 212 18
206 140 58
192 47 98
178 61 93
143 113 89
109 108 72
139 169 55
169 141 79
159 184 102
150 136 93
196 111 85
243 85 136
150 4 187
58 114 171
143 177 154
228 175 111
176 123 68
124 133 60
144 20 52
164 130 92
111 195 133
58 201 144
94 197 155
131 110 117
71 144 79
12 163 66
120 191 54
228 184 71
125 249 89
22 152 70
60 151 51
98 153 73
70 164 96
42 149 97
63 49 98
85 66 100
59 3 101
33 102 84
71 107 66
109 149 61
81 217 57
53 163 96
137 105 135
222 93 98
150 36 62
78 55 70
156 12 78
235 104 90
127 169 103
19 149 79
9 44 56
74 37 13
103 64 27
133 91 77
147 100 128
161 36 122
142 150 116
124 132 162
115 121 208
106 198 219
85 165 230
64 207 225
93 125 221
121 161 114
169 205 8
218 199 34
192 104 60
167 3 46
157 54 32
147 23 34
170 134 37
194 183 45
135 150 54
76 148 104
130 115 154
184 44 149
162 96 144
140 224 169
173 186 195
206 202 105
176 158 15
146 242 47
173 154 80
200 112 74
160 183 69
120 200 110
155 156 151
190 73 151
120 115 152
50 191 78
118 123 5
185 72 34
123 103 63
61 21 32
64 126 2
68 201 22
47 139 43
25 156 75
85 99 107
146 176 107
85 124 108
25 211 90
100 133 72
175 82 83
147 122 94
120 113 111
144 129 129
168 99 93
120 93 58
73 92 42
106 144 27
140 236 32
121 189 37
102 148 35
51 49 34
128 52 27
114 50 55
101 115 116
135 249 178
169 137 140
117 182 103
65 127 165
58 120 227
51 161 176
43 145 125
35 140 180
98 99 235
162 156 127
196 248 20
230 187 72
193 168 124
156 92 75
171 78 26
186 91 68
202 161 110
219 157 128
110 86 147
2 156 117
64 160 88
126 84 121
174 113 154
223 132 161
203 141 167
184 136 109
176 68 52
169 186 94
202 245 136
236 193 95
209 228 54
183 178 112
216 156 171
249 99 175
169 55 179
89 116 135
116 41 90
143 108 122
121 71 154
100 57 95
69 134 36
39 149 50
24 38 63
9 81 68
108 15 73
207 110 90
112 108 108
18 132 95
129 133 83
241 92 111
214 76 139
187 112 131
150 200 123
114 164 118
91 148 113
68 133 125
57 237 136
46 230 138
116 203 141
186 115 99
93 5 58
169 122 42
140 63 84
112 71 156
114 105 228
117 81 159
91 104 91
66 74 169
64 99 247
63 183 133
61 117 20
60 112 134
93 115 249
127 118 140
123 177 32
119 135 110
109 141 189
99 119 105
153 103 21
207 105 102
220 176 184
232 198 212
144 150 240
57 232 131
78 155 23
99 20 94
139 69 165
179 52 152
179 103 140
179 134 114
140 156 89
102 192 141
158 185 193
214 187 116
169 185 39
125 128 115
126 113 192
128 114 199
140 113 207
151 180 191
123 136 176
96 249 211
133 103 246
171 3 158
110 95 71
49 225 77
88 106 84
127 117 61
115 85 39
103 143 73
110 136 108
116 76 101
124 119 95
131 80 140
141 108 185
152 60 151
153 179 117
154 212 143
106 149 169
59 58 207
58 189 246
57 245 245
136 171 245
215 107 163
107 57 82
210 43 57
167 11 114
124 78 147
94 22 179
65 70 113
66 82 46
68 44 100
71 20 153
75 58 129
80 28 106
85 94 155
88 132 205
92 166 156
50 207 108
9 135 121
26 145 134
43 148 104
136 110 75
229 147 137
237 241 200
246 178 195
179 87 190
112 183 127
92 210 63
73 133 134
104 93 206
135 80 185
155 85 164
175 174 136
105 232 109
35 174 146
114 117 184
193 176 119
130 197 54
67 110 104
37 55 154
8 125 149
111 103 144
214 102 143
131 76 142
49 155 176
146 90 209
243 34 143
151 19 76
60 122 59
153 47 43
246 69 49
123 66 56
0 167 110
107 220 165
215 132 114
118 189 63
22 155 106
69 219 149
117 178 113
156 246 78
195 164 130
122 179 182
50 164 189
59 217 196
68 155 181
156 130 167
244 152 160
122 119 153
107 42 72
121 91 145
135 209 138
88 106 131
41 96 66
59 74 2
77 3 31
103 11 60
129 3 126
86 64 192
42 105 176
55 131 161
68 209 173
87 152 185
106 54 132
114 149 79
122 218 104
144 167 129
165 133 172
153 142 216
140 187 178
134 130 141
128 203 122
126 200 104
125 211 175
125 134 247
125 91 218
164 130 189
203 247 159
111 210 129
18 157 152
79 152 176
141 203 123
100 167 70
60 60 93
69 95 117
79 228 99
107 139 82
136 51 95
112 115 109
88 205 141
153 136 173
218 26 127
155 122 82
92 199 42
166 116 2
240 46 38
123 147 74
7 241 148
72 188 222
137 45 127
82 125 32
28 134 72
71 184 113
114 189 76
146 142 40
178 19 118
146 153 196
115 205 171
108 113 146
101 29 117
148 134 89
195 253 156
97 104 224
5 36 36
75 103 72
146 102 69
81 99 65
17 78 33
51 118 1
86 34 15
135 18 30
184 35 63
92 122 96
0 76 88
22 80 80
44 107 86
124 141 92
204 93 66
203 180 39
202 151 52
152 207 64
102 86 86
68 7 108
35 60 89
90 46 70
145 106 61
161 178 52
177 132 87
146 141 123
115 82 109
173 99 94
232 138 79
117 206 64
2 124 76
45 133 88
89 136 61
71 208 35
54 76 46
102 37 58
150 109 49
104 174 41
59 89 47
93 131 54
128 140 70
160 226 86
193 124 63
158 247 41
124 154 21
179 173 1
234 113 19
124 235 37
14 180 74
36 246 111
59 105 63
46 132 16
34 115 36
73 195 56
112 125 38
136 117 20
161 86 59
170 211 98
180 105 85
157 4 73
134 40 58
140 127 44
147 106 78
73 47 112
