115 22 95
110 44 190
105 128 191
73 60 193
41 70 123
21 77 54
1 15 134
28 91 214
56 133 178
62 97 142
69 126 160
69 83 178
70 176 94
87 127 11
104 225 94
53 109 177
3 36 166
18 106 155
33 218 150
70 176 145
108 240 95
79 132 45
50 240 78
45 92 111
40 84 70
60 74 30
80 57 73
90 95 116
99 251 78
73 116 41
46 155 29
23 82 17
231 34 59
221 28 119
211 105 150
146 45 182
82 89 160
42 226 138
3 147 155
57 216 172
112 144 124
125 130 77
138 112 142
139 32 208
141 108 135
175 107 63
209 167 107
107 177 152
6 104 171
36 172 190
66 188 193
141 246 197
217 138 164
159 50 132
101 93 118
90 45 105
80 102 110
120 158 115
161 116 102
180 75 90
199 98 58
146 61 26
93 157 41
46 174 55
145 89 24
127 135 48
110 220 109
118 90 171
126 18 197
116 129 223
105 131 176
119 114 130
133 97 71
163 126 13
194 162 125
190 83 238
186 120 177
181 135 116
177 159 121
121 93 127
65 32 176
49 82 225
33 117 237
127 131 249
221 19 234
196 36 219
172 38 159
165 74 100
159 121 150
159 154 200
159 175 132
173 124 65
187 5 38
137 111 12
87 239 53
43 162 94
60 95 34
34 203 69
9 139 78
90 78 87
171 117 102
189 141 117
208 74 123
181 12 130
154 87 70
202 115 11
251 111 90
241 19 169
231 114 123
188 154 77
146 107 78
135 7 80
124 23 123
62 7 166
0 110 149
113 143 133
226 86 162
234 38 191
243 69 153
240 92 114
238 111 109
197 163 105
157 174 130
166 243 155
175 134 130
128 140 105
81 210 135
40 236 166
46 88 45
86 94 91
125 58 47
115 94 3
105 232 7
139 97 11
173 15 70
128 79 130
83 126 70
107 105 10
131 149 55
141 127 101
151 165 70
164 136 39
178 108 36
176 70 33
175 47 70
122 90 108
68 176 62
100 145 17
132 146 90
188 134 164
244 109 146
182 95 129
119 71 69
124 114 10
128 116 128
120 165 246
112 151 222
110 146 198
108 226 218
54 136 239
33 54 53
137 29 106
242 46 88
141 9 71
40 91 95
89 1 120
139 57 126
75 166 132
12 83 83
11 33 35
11 103 62
41 177 90
72 160 57
141 119 24
210 136 57
218 119 91
227 109 92
182 130 94
137 108 95
87 117 97
38 145 90
142 246 83
246 124 91
123 109 100
1 99 85
50 107 71
100 149 136
74 152 202
49 143 176
92 70 150
135 154 146
67 82 142
128 99 60
171 73 121
213 91 130
129 78 139
45 122 184
113 101 230
182 49 182
103 69 134
25 7 97
49 29 60
74 55 70
63 157 80
53 179 44
107 144 9
161 199 79
177 158 150
194 140 115
155 101 80
116 12 129
99 108 178
83 71 90
115 119 2
147 32 37
74 121 72
2 109 102
61 114 132
120 224 145
102 196 158
84 202 130
139 159 103
194 240 74
97 102 46
224 93 75
204 75 151
185 108 173
117 90 194
50 152 191
137 235 188
225 98 178
132 57 167
39 64 146
88 24 124
137 115 133
85 219 142
34 123 78
73 81 15
113 144 88
137 174 162
161 146 156
128 125 150
96 130 124
112 232 98
128 130 99
88 128 101
48 99 92
26 237 84
4 144 110
72 16 136
140 123 127
129 207 119
119 135 96
186 124 74
253 154 100
126 87 127
225 200 91
209 135 182
194 178 216
168 140 250
143 161 198
147 175 147
151 51 174
132 107 201
113 171 195
116 150 189
119 164 197
70 149 205
20 14 113
68 110 21
117 123 98
146 149 175
175 147 197
154 110 220
134 152 119
153 125 19
172 92 109
129 98 200
85 0 148
58 158 97
31 217 118
51 113 140
71 48 110
119 82 80
167 9 62
152 118 45
136 168 127
68 110 209
227 73 101
215 90 202
203 116 224
220 133 246
237 192 195
157 254 144
78 148 160
132 152 177
187 173 195
144 242 214
102 176 192
54 201 170
7 162 145
64 225 120
121 134 139
155 154 159
189 138 186
181 17 214
173 91 161
195 26 108
217 104 113
170 174 118
123 118 129
90 178 140
58 193 136
30 171 132
3 134 127
109 67 123
216 71 77
118 171 30
20 156 78
10 187 126
233 5 111
175 80 223
116 64 232
130 156 242
143 222 192
117 195 142
90 138 147
130 149 153
170 128 196
125 167 240
80 99 188
83 154 136
86 210 178
136 140 220
185 34 181
151 143 143
117 237 175
124 146 208
131 169 203
170 123 198
208 126 117
159 158 36
111 121 110
89 164 184
68 207 154
50 181 124
33 252 145
98 119 167
164 39 91
127 117 16
91 99 30
45 95 44
240 59 103
135 163 207
30 119 194
40 206 181
50 175 163
76 168 145
103 131 111
128 178 77
153 151 123
105 202 170
58 129 120
112 107 71
166 151 116
208 93 161
250 107 176
147 147 191
45 139 208
67 164 226
90 164 215
145 171 204
200 176 174
149 211 144
99 147 123
89 152 103
79 136 125
71 95 147
63 151 166
87 118 186
112 99 108
137 162 31
162 100 63
81 96 95
239 70 96
129 92 192
20 46 156
82 110 120
145 104 134
120 92 149
95 42 75
124 99 1
154 96 51
113 150 101
72 108 53
88 125 6
104 194 54
133 170 103
163 154 171
150 91 239
137 11 241
93 139 244
50 154 227
131 174 211
213 199 232
180 158 253
146 107 137
101 104 22
55 93 96
46 101 171
38 140 188
78 111 205
118 77 125
99 85 46
81 45 96
40 61 147
238 77 51
124 91 102
11 103 114
125 86 127
240 77 106
164 54 86
88 97 99
121 80 111
155 148 92
121 196 73
87 114 40
65 93 7
43 139 63
59 241 119
76 128 120
152 54 121
229 101 139
119 230 158
10 182 152
118 172 145
227 169 164
210 117 183
194 108 152
113 64 122
32 106 143
22 78 164
13 101 148
68 110 132
124 115 97
62 58 62
1 93 95
0 106 128
164 149 6
146 133 13
127 192 73
155 125 134
183 67 79
144 134 24
106 214 123
153 151 222
201 221 133
147 164 45
93 59 26
73 51 8
52 30 71
51 124 135
51 63 69
141 99 3
232 109 38
181 179 73
131 175 76
137 176 80
143 190 96
154 148 113
165 145 168
101 162 223
37 191 190
35 140 158
33 77 108
57 102 59
80 217 68
69 165 78
58 165 94
29 99 110
91 79 29
167 102 58
244 120 110
185 158 163
126 119 126
125 203 89
124 134 111
186 91 132
248 144 109
174 183 86
100 82 81
81 23 76
62 62 95
44 163 113
26 114 61
131 171 9
236 130 37
244 202 65
252 183 77
155 170 89
59 174 89
98 141 90
137 157 161
90 251 232
43 170 192
48 214 152
54 135 106
45 4 60
37 138 76
76 220 91
115 176 117
57 128 143
149 66 51
164 105 103
179 31 147
151 60 192
123 50 173
104 105 155
85 28 99
108 101 43
131 83 85
114 111 128
97 66 136
115 43 145
133 35 118
89 103 92
45 61 53
134 128 15
224 38 36
196 168 57
168 185 77
114 176 98
59 198 82
98 152 67
138 93 154
97 113 241
56 25 194
78 153 147
101 246 104
118 135 62
135 111 83
122 151 105
108 191 141
54 126 177
208 84 79
161 222 159
114 111 170
117 3 181
121 74 188
83 142 195
46 123 137
30 204 79
14 122 125
54 112 170
94 98 131
149 49 92
204 87 126
134 155 160
64 121 101
138 243 41
212 188 63
148 249 84
85 202 73
72 154 62
60 141 74
99 178 86
139 117 129
104 86 172
69 118 124
108 129 76
148 146 107
191 181 138
234 116 128
168 83 118
102 151 138
51 187 158
150 49 108
117 135 216
84 190 193
87 122 171
90 102 203
70 134 236
50 119 176
61 141 116
72 92 164
107 147 213
142 165 126
170 142 40
199 112 134
129 128 229
60 27 148
101 163 68
143 223 90
140 179 112
136 222 69
115 130 27
94 34 66
135 92 106
176 113 105
118 135 104
60 235 55
83 159 6
107 29 110
141 110 214
176 89 172
119 132 131
63 145 135
31 135 139
92 40 73
73 79 147
54 153 139
56 194 132
59 180 176
57 173 220
55 171 170
93 151 121
131 157 158
161 220 196
191 185 134
192 243 73
194 179 136
125 219 199
56 104 171
65 161 143
75 149 149
131 22 156
188 106 101
158 110 46
128 109 57
171 46 68
214 110 70
133 108 73
52 150 97
59 243 122
66 149 148
92 141 174
118 158 172
71 211 169
24 164 176
12 210 183
61 34 39
60 125 78
59 149 85
91 155 93
123 252 148
113 180 204
104 244 165
143 165 127
182 168 153
190 128 179
198 114 142
193 154 106
188 142 138
128 147 170
68 11 194
93 121 218
118 193 209
152 110 200
186 72 132
171 144 65
155 246 47
179 141 30
203 173 36
136 124 42
69 17 140
71 141 239
73 183 187
84 135 135
95 194 171
117 166 208
138 90 218
69 100 228
30 106 35
47 239 70
65 136 79
126 26 88
187 111 102
170 53 115
153 144 112
193 99 110
233 79 133
219 12 156
206 114 160
194 119 164
182 143 134
131 217 104
81 108 106
121 119 109
161 164 108
173 153 107
185 132 99
184 151 92
183 154 75
188 102 59
193 134 91
139 200 122
86 137 156
83 121 191
80 138 136
76 24 81
73 111 148
163 170 216
253 123 217
126 103 219
30 153 31
41 131 62
51 130 73
80 104 84
109 116 55
153 143 27
196 183 60
181 98 93
166 39 113
144 114 133
122 212 177
165 155 222
208 95 130
173 130 38
138 85 19
143 141 0
149 191 7
129 146 14
109 152 66
145 168 119
181 117 104
189 94 89
197 63 146
180 152 203
163 210 173
142 182 143
121 227 85
114 87 27
107 57 125
180 98 224
252 131 217
126 101 210
31 50 24
34 5 48
38 86 63
35 147 79
32 121 58
136 222 37
240 156 67
169 72 96
99 137 127
68 196 159
38 160 190
136 194 222
234 116 179
214 123 135
195 128 115
166 170 95
138 130 93
85 91 92
33 171 138
106 255 184
180 119 148
191 96 112
202 105 169
221 135 226
240 142 157
201 173 88
162 119 99
152 41 111
142 51 119
197 37 128
252 113 145
126 173 162
48 42 17
81 71 34
113 64 54
120 69 75
128 0 61
165 112 48
203 147 74
128 168 100
54 244 142
81 170 185
108 38 204
158 86 223
208 52 228
216 93 233
223 137 211
203 156 190
184 68 180
161 133 170
138 189 209
130 173 249
122 10 192
170 87 135
218 128 192
207 108 250
195 53 142
152 69 34
109 36 114
102 93 195
94 72 113
130 97 32
166 112 73
83 99 114
66 76 12
127 176 24
189 122 45
206 67 66
224 60 68
195 80 70
167 113 86
88 212 102
9 175 145
94 205 189
179 118 206
181 62 223
183 107 210
217 60 198
252 167 203
241 251 209
230 149 199
237 186 189
244 207 196
154 241 204
65 109 184
150 116 164
235 95 199
193 118 235
151 98 145
104 15 56
57 115 77
52 223 97
47 178 59
64 169 22
81 127 60
40 114 98
46 89 7
105 121 15
164 181 36
170 116 57
177 95 74
187 85 92
197 14 98
123 109 105
50 41 149
105 138 193
160 167 208
137 143 224
114 254 193
135 159 163
156 220 195
150 176 228
143 93 218
143 127 208
143 213 183
141 162 159
138 69 176
150 67 193
162 21 206
154 127 220
147 208 149
128 107 79
110 187 39
75 198 0
40 248 6
95 138 12
149 114 47
74 72 82
27 47 29
83 39 58
139 131 91
135 123 124
131 156 124
179 153 124
228 112 110
159 172 97
91 97 159
116 139 221
141 143 188
93 89 155
46 136 178
53 105 201
61 172 196
59 140 192
57 63 151
50 19 110
43 96 148
127 126 187
212 84 171
151 64 155
90 93 187
116 164 220
143 133 138
153 21 55
164 111 71
99 136 86
34 115 62
126 22 37
218 107 68
109 61 99
95 61 50
95 111 101
96 184 146
96 181 192
97 255 174
168 169 156
240 109 123
182 105 90
123 39 170
144 133 250
165 179 168
134 155 86
103 99 163
105 147 240
108 226 198
111 133 156
114 3 84
99 57 13
83 27 114
105 119 215
128 77 166
140 128 117
152 124 169
117 152 221
83 139 126
107 80 32
132 101 102
105 92 173
78 55 118
142 97 63
207 234 89
103 81 116
164 116 87
108 163 175
53 176 147
58 163 120
63 183 147
158 162 174
253 131 123
204 103 72
156 107 120
172 176 167
189 166 109
175 255 51
161 189 138
158 159 224
155 182 191
163 164 158
172 121 94
148 182 31
124 152 114
84 249 197
44 154 156
129 248 114
214 165 129
119 183 143
24 138 131
62 59 119
100 96 112
111 79 105
122 60 90
159 78 74
196 103 70
98 31 65
121 241 124
90 151 249
58 194 149
94 186 49
131 155 120
137 171 192
143 152 123
121 105 55
100 112 70
115 107 85
131 54 51
115 146 17
100 244 113
137 210 209
174 182 184
142 164 160
110 136 105
111 140 50
112 153 115
117 133 180
123 42 146
154 151 112
186 107 89
138 144 66
91 171 136
109 106 207
128 146 122
128 110 38
128 29 62
163 100 86
199 69 50
99 78 15
79 62 62
71 7 124
64 108 74
131 234 24
199 151 60
116 216 96
33 106 61
39 56 27
45 63 35
59 87 42
73 43 25
56 33 8
40 133 56
116 255 104
193 153 92
121 176 80
49 100 52
74 90 25
100 83 57
151 91 90
202 85 73
180 207 56
158 108 44
158 118 33
158 84 68
157 48 103
156 95 61
145 188 19
134 110 31
168 225 43
203 126 25
101 213 7
